163	402
163	659
163	1696
163	1274
163	1286
163	1544
163	1905
163	1611
163	141
163	1807
163	1110
163	174
163	1792
163	1675
163	1334
163	813
163	1799
163	1943
163	2077
163	765
163	769
163	781
163	940
163	942
163	1590
163	1734
163	1872
163	390
163	1717
163	1030
163	606
163	800
163	1575
163	546
163	1070
163	309
163	935
163	1205
163	1571
163	1971
163	1127
163	530
163	856
163	910
163	191
163	1253
163	1728
163	1729
163	1206
163	1136
163	1457
163	1225
163	1689
163	1498
163	563
163	717
163	1890
163	188
163	982
163	1130
163	55
163	346
163	1379
163	1380
163	1207
163	961
163	42
163	624
163	1573
163	145
163	743
163	744
163	1139
163	1572
163	1303
163	1305
163	129
163	415
163	1224
163	219
163	727
163	448
163	237
163	22
163	1218
163	1069
163	1178
163	966
163	1219
163	757
163	1685
163	1691
163	1850
163	1159
163	1410
163	380
163	1536
163	1650
163	1558
163	1362
163	1784
163	1831
163	1065
163	290
163	1277
163	395
163	1098
163	1404
163	1099
163	1715
163	1113
163	714
163	602
163	1530
163	1257
163	689
163	1060
163	2039
163	1594
163	2116
163	1775
163	422
163	266
163	658
163	1333
163	1153
163	1515
163	1114
163	523
163	1106
163	1467
163	793
163	189
402	403
402	681
402	219
402	538
659	695
659	397
659	11
659	624
659	625
1696	1114
1696	1769
1696	1334
1696	1943
1696	1872
1696	1971
1696	1771
1274	427
1274	343
1274	1303
1274	1305
1286	1136
1544	566
1544	1206
1905	55
1905	1834
1611	1153
1611	100
1611	1379
1611	1380
141	1184
141	188
1110	1016
1110	793
1110	1728
1110	1729
174	501
174	503
1792	582
1792	430
1792	2067
1675	1153
1334	793
1334	1130
813	1523
1799	727
1799	1424
1943	1936
2077	2030
2077	743
2077	744
769	764
781	846
781	1184
781	1533
940	934
942	1153
1590	910
1590	965
1734	1592
1734	1249
1734	793
1734	1715
1872	1257
1872	1771
390	145
1717	1441
1717	1380
1717	941
1030	1136
1030	1946
1030	1796
606	537
800	1136
1575	1136
1575	1305
1070	1016
1070	793
1070	1153
935	1136
1205	1016
1205	793
1205	1153
1571	343
1571	1216
1571	1218
1971	995
1127	793
1127	1153
1127	728
1127	938
530	343
856	1016
856	793
856	1153
910	523
910	565
910	1589
910	1673
910	1131
910	1432
910	1140
910	1253
910	982
910	1573
910	1311
910	964
910	966
910	764
910	811
910	1221
910	981
910	1481
910	902
910	1117
191	294
191	448
191	22
191	395
1253	965
1253	1131
1253	1311
1253	811
1728	129
1728	168
1728	1536
1728	1474
1728	1249
1728	1775
1729	1016
1206	789
1136	1740
1136	1063
1136	1142
1136	1018
1136	727
1136	1558
1136	1516
1136	1060
1136	1594
1136	1333
1136	1523
1457	569
1457	826
1457	828
1457	1462
1457	1237
1225	1117
1225	1333
1689	219
1689	538
1689	1738
1689	38
1498	1534
1498	582
1498	1163
1498	2158
1498	1049
1498	1071
1498	1351
1498	1483
1498	289
563	247
563	219
563	37
563	38
563	500
717	1877
717	1122
717	523
717	188
1890	1060
1890	2039
188	129
188	144
188	721
188	755
188	42
188	415
188	757
188	380
188	139
188	120
188	262
188	523
188	189
982	247
1130	959
55	361
55	1832
55	844
55	1784
346	132
346	143
346	337
346	363
1380	793
1380	1113
1207	430
1207	378
1207	1333
1207	900
961	523
961	1515
42	793
42	189
624	112
624	11
624	700
624	572
1573	1673
1573	1432
1573	636
1573	764
1573	1481
145	1646
145	1224
145	1218
145	1530
743	2030
743	65
743	744
744	2030
744	65
1139	793
1139	780
1139	1572
1139	1018
1139	1598
1572	1598
1303	343
1305	1016
1305	1740
1305	1065
1305	1098
1305	728
1305	1106
129	15
129	1973
129	1409
129	2165
129	538
129	22
129	1204
415	523
415	995
415	789
415	2103
415	1737
415	1832
415	1836
415	209
415	1790
415	712
1224	1333
219	1325
219	1738
219	38
219	846
219	757
219	1404
219	712
727	1016
237	329
237	1060
22	1790
1218	1035
1218	1299
1218	1424
1218	714
1218	1670
1218	833
1218	1516
1218	1530
1069	793
1069	1096
1069	1685
1069	1455
1069	422
1178	995
1178	854
1178	956
1178	1476
1178	1736
1178	1737
1178	1688
1178	1690
1178	1230
1178	1231
1178	1232
1178	1362
1178	1034
1178	1099
966	964
966	965
966	1673
966	1131
966	1140
966	1481
966	902
1219	1153
757	846
757	755
757	1965
757	2058
1685	1455
1685	422
1691	793
1691	422
1159	1485
1410	1153
380	1737
380	1784
380	1473
380	1474
380	1257
380	934
1536	207
1536	1518
1650	1466
1362	1184
1784	1184
1784	844
1831	1832
1831	1836
1065	1153
1065	1106
1065	1063
1065	1279
290	1911
290	1839
1277	1533
1277	2152
1277	1476
395	189
1098	343
1098	1911
1404	755
1404	1143
1715	793
1715	1386
1113	1153
714	2089
714	1035
714	1299
714	833
602	1114
1530	2089
1530	1424
1257	1719
1257	2087
1257	1153
689	1826
689	1580
689	967
1060	965
1060	1523
1060	2039
2116	1775
2116	2125
1775	1771
1775	2082
1775	1793
1775	1795
266	262
658	427
658	1577
1333	793
1333	1514
1333	1369
1333	1708
1333	1467
1333	578
1153	1063
1153	1455
1153	1077
1153	1204
1515	936
1515	1447
1515	1711
1515	1581
1515	988
1114	1588
1114	1261
1114	1603
1114	1371
1114	1117
523	478
523	870
523	1616
523	882
523	283
523	1214
523	1687
523	1931
523	54
523	1676
523	508
523	540
523	1790
523	465
523	565
523	551
523	1921
523	277
1467	793
793	943
793	1249
793	262
793	959
793	1694
793	1330
793	1455
189	2102
403	2104
681	712
538	2165
538	15
538	487
538	1738
538	1204
538	1036
695	747
695	1967
397	747
625	700
427	1103
427	1488
427	665
427	494
427	610
427	526
427	146
427	202
427	18
427	205
427	696
427	561
427	353
427	2044
427	1766
427	1914
427	1811
427	493
427	1760
427	1399
427	1405
427	587
427	823
427	1318
427	1547
427	1037
427	312
427	1283
427	1284
427	230
427	399
427	698
427	406
427	1975
427	250
427	584
427	304
427	954
427	916
427	1999
427	674
427	946
427	1577
427	461
427	1340
427	391
427	477
427	350
427	2024
427	201
881	112
881	572
881	1256
881	74
881	1203
881	1119
881	816
881	1411
343	1577
343	1523
566	472
566	16
566	173
566	688
566	671
566	466
566	483
566	1459
566	633
566	294
566	465
566	565
566	1782
566	733
566	186
566	1447
566	34
566	699
566	858
566	1816
566	333
566	477
566	588
566	1643
566	274
566	321
566	449
1409	789
1409	958
1409	1797
1969	2051
1719	1911
1719	1216
2165	745
2165	1143
100	265
100	758
1184	120
1184	844
1184	860
1016	943
1016	1670
1016	728
1016	1466
501	496
501	503
501	663
503	1813
503	1952
503	2029
503	1851
2164	5
2164	2094
2164	1749
2164	515
582	818
582	259
430	89
430	1698
430	2137
430	632
430	1020
430	1568
430	1284
430	1617
430	1637
430	683
430	2033
430	1165
430	223
430	524
430	381
430	651
430	547
430	208
430	686
430	172
430	177
430	1270
430	119
430	52
430	236
430	635
430	256
430	1569
430	634
1523	815
1523	880
2030	2131
2030	2128
2030	2130
764	636
764	1311
764	1581
846	1533
1533	900
1533	970
1533	1730
934	1353
934	1009
934	844
934	860
934	1631
965	177
965	902
965	1673
965	1432
965	1140
965	964
965	981
965	1481
1592	1161
1592	1176
1592	1293
1592	405
1592	1298
1249	1408
1249	1054
1249	1473
1249	1474
1441	1638
1441	941
1796	1917
1796	833
1796	2001
537	357
537	1204
1216	1035
1216	1299
995	2139
995	1690
995	956
995	1985
995	1230
995	1231
995	1232
995	1495
728	943
728	243
728	1466
938	611
938	560
168	475
168	1756
565	548
565	2
565	305
565	239
565	644
565	173
565	554
565	85
565	621
565	738
565	57
565	60
565	671
565	92
565	691
565	367
565	466
565	575
565	601
565	306
565	1540
565	633
565	1859
565	34
565	478
565	1616
565	882
565	283
565	1676
565	1790
565	465
565	294
565	1782
565	118
565	1440
565	2027
565	1401
565	1585
565	425
565	1012
565	1376
565	502
565	1316
565	1438
565	773
565	385
565	842
565	1957
565	1213
565	103
565	1741
565	1546
565	492
565	2118
565	82
565	1529
565	410
565	1727
565	244
565	1975
565	333
565	1378
565	477
565	564
565	128
565	1373
565	295
1673	964
1432	964
1140	964
1140	981
1140	1311
1140	811
964	902
964	1481
1221	1797
981	902
902	1174
1117	562
1117	247
1117	2089
1117	1588
1117	1261
1117	1603
636	552
636	294
636	118
636	2027
294	173
294	554
294	85
294	466
294	483
294	277
294	633
294	465
294	1353
294	638
294	83
294	502
294	665
294	186
294	699
294	588
294	153
294	21
294	252
294	1438
294	103
294	1672
294	807
294	477
294	564
294	128
1474	1473
1063	1628
1142	1018
1516	833
569	456
569	1181
569	767
569	550
569	1273
569	1092
569	1712
569	255
569	1522
569	1986
569	1430
569	2099
569	514
569	710
569	1269
569	1000
569	1025
826	1273
826	1237
826	1606
826	1422
828	1422
1462	1657
1237	1484
1237	1521
1237	1422
1583	900
1738	1264
38	372
38	273
1534	1597
1534	1163
1534	1556
1534	1278
1534	1122
1534	289
1534	1148
1163	1497
1049	1329
1049	1292
1071	1329
1071	1292
1351	900
1483	1125
1483	1123
1483	857
1483	2052
1483	2060
289	1278
289	1535
289	1537
289	612
289	64
247	1261
247	500
247	1973
500	1767
1952	2029
1877	251
1877	414
1877	578
1122	799
1122	1194
1122	594
1122	578
144	444
144	2102
755	2058
120	1959
262	1980
1832	1836
844	974
143	180
143	201
143	337
143	363
337	77
337	363
638	383
638	2146
638	701
638	862
638	722
638	1808
638	1189
638	618
638	1460
638	1312
638	1468
638	1895
638	441
638	227
638	296
638	2045
638	1327
638	264
638	779
638	348
638	89
638	1027
638	521
638	375
638	1539
638	1919
638	449
378	227
378	1027
378	1539
378	335
378	1275
378	1061
378	692
378	960
378	2012
378	2042
378	1238
378	218
378	178
378	286
378	585
378	1644
378	1290
378	1963
378	396
378	1678
900	228
112	747
112	572
700	747
700	879
572	747
411	1600
411	512
411	1891
411	1470
411	536
1646	943
780	1598
15	701
15	234
15	322
15	399
15	254
15	152
15	253
15	80
1737	1736
712	54
712	1965
712	1036
1325	1175
686	1698
686	1273
686	318
686	683
686	223
686	381
686	116
686	225
686	760
686	44
686	119
686	635
686	634
1299	1392
833	2001
1980	758
1455	1694
854	1231
956	1231
1736	1690
1688	1228
1230	1231
1231	1985
1231	2086
1231	1232
1231	1495
1034	1730
1009	1079
1940	860
2087	1911
1965	2089
1485	1252
207	688
207	1676
207	747
1466	943
1911	860
1386	672
2089	1261
2089	1603
2089	357
1959	177
1580	1577
1580	1625
967	57
967	306
967	322
967	1032
967	848
967	109
967	56
967	1394
967	1400
967	957
967	1561
967	847
2082	1793
2082	1795
1793	1795
1795	1788
1795	1794
1514	429
578	482
578	13
1447	1581
1711	1581
1581	657
478	96
478	215
478	618
478	218
478	520
478	497
478	227
478	470
478	303
478	754
478	396
478	568
478	52
478	274
478	479
870	1687
1616	882
882	575
882	1378
882	1012
882	1316
882	1529
283	747
283	2093
1214	583
1214	1635
1687	1459
1687	1649
1687	898
1687	1228
1687	773
1687	1189
1687	1632
1687	54
1687	1137
1687	148
1687	1557
1931	1408
1931	1921
54	615
1676	74
1676	1146
508	417
508	317
540	543
540	603
540	1121
540	1640
465	85
465	466
465	118
465	2027
465	103
551	482
1921	1408
277	552
277	483
277	567
1756	745
1756	1663
745	1763
745	386
745	1564
745	600
745	458
745	771
745	110
745	72
745	18
745	124
745	127
745	205
745	561
745	91
745	1932
745	355
745	477
745	2162
745	666
745	1157
745	687
745	962
745	1700
745	1704
745	36
745	1886
745	1884
745	1885
1663	1266
552	548
552	374
552	451
552	472
552	2
552	305
552	239
552	446
552	644
552	220
552	311
552	653
552	16
552	173
552	554
552	559
552	412
552	723
552	85
552	688
552	621
552	738
552	749
552	57
552	60
552	210
552	671
552	167
552	92
552	691
552	367
552	466
552	473
552	483
552	575
552	455
552	298
552	601
552	370
552	306
548	1859
548	1860
548	82
374	455
472	1006
472	650
2	471
2	410
305	82
305	410
239	1378
239	82
446	554
644	210
220	295
220	490
220	45
311	406
16	466
16	1697
173	162
173	1378
173	575
554	1859
554	167
554	306
554	875
559	34
559	1816
559	167
559	1378
412	688
85	425
688	1248
688	252
688	835
688	60
621	1859
621	471
621	738
738	1585
738	1376
738	1213
738	1741
738	1727
738	210
738	564
738	575
738	1183
749	1459
749	483
749	197
57	1459
57	306
60	562
60	252
210	1459
210	295
210	63
210	148
671	1459
671	562
671	1599
167	1459
92	1259
92	136
92	479
691	1649
691	1557
367	483
367	440
473	1459
483	463
483	933
483	650
575	1378
575	843
298	410
601	611
601	1741
601	3
370	562
370	875
306	1376
1859	471
1859	1791
1860	683
1860	906
82	1378
82	1440
82	39
82	410
82	1553
82	295
1006	1025
1006	876
1006	650
1006	574
1006	242
1006	2040
650	656
650	1557
471	103
471	1045
471	1632
471	295
1378	1540
1378	21
1378	1440
1378	970
295	2078
295	1782
295	197
295	1012
295	1316
490	45
490	6
490	492
490	5
490	734
490	213
45	1459
45	492
406	230
1697	804
1697	929
1697	1559
1697	1683
1697	1599
1697	1703
1697	1664
1697	1667
162	775
875	775
875	933
875	1192
34	66
34	35
1816	558
1816	1934
1248	66
1248	835
252	74
252	562
1585	804
1376	1546
1376	1727
1213	1649
1741	492
1741	1841
564	463
564	1841
1183	562
1183	1193
1183	1202
1459	2078
1459	775
1459	1540
1459	633
1459	1137
1459	804
197	633
197	3
562	1401
562	2014
562	2018
562	440
562	1889
63	153
63	1546
63	739
148	1649
148	656
148	460
1259	521
1259	1944
1259	1081
1259	1082
1259	893
1259	136
136	1539
136	1370
136	1479
136	1776
136	244
136	1413
136	159
136	1102
136	986
136	479
479	449
479	1627
479	649
479	147
479	418
479	1354
1649	1643
1649	868
1649	1228
1649	1557
440	414
463	477
463	3
463	333
843	1101
843	568
611	633
611	608
611	179
611	133
611	899
611	1103
611	718
611	864
611	1755
611	1763
611	2050
611	386
611	716
611	1732
611	511
611	1668
611	28
611	1352
611	579
611	1493
611	1116
611	1564
611	368
611	1488
611	1265
611	1935
611	1499
611	1315
611	413
611	1079
611	719
567	502
567	21
567	970
567	385
567	1828
2078	1983
1540	1118
1540	1045
1540	842
1540	1443
1137	558
804	1664
1527	1240
1527	1086
1527	211
1527	2076
1527	1747
1527	260
1527	2166
1527	1543
1527	827
1527	909
1527	971
1527	419
1527	2088
1527	1894
1757	1268
1757	1842
898	107
898	108
1228	1693
773	1643
773	656
1189	1643
1632	68
1118	134
492	1186
492	734
492	213
558	1641
558	1934
558	905
558	2034
558	557
558	423
558	376
558	1532
558	1555
1782	134
186	747
186	588
699	747
699	588
858	1084
858	2035
858	991
858	281
333	477
477	229
477	1766
477	1645
588	747
1643	868
1643	649
274	204
321	1954
321	1192
449	1539
1664	1559
1664	740
1791	682
1791	1559
66	69
66	215
66	1531
66	2122
66	183
66	1698
66	149
66	288
66	2157
1934	76
1934	423
682	88
88	251
88	762
88	587
88	116
88	225
88	760
88	44
88	208
88	371
1559	71
1559	929
1559	740
1559	1703
1559	1683
87	383
87	47
87	719
87	2021
383	631
719	747
719	609
719	1133
719	520
719	1112
719	1838
719	1666
2021	157
631	1057
631	1562
2091	1539
2091	303
2091	1944
2091	585
1892	2131
1994	2097
1994	1995
1994	1800
2097	1995
1995	1907
1995	1800
1800	1907
1800	1901
1800	2016
1800	342
2016	467
2016	342
342	467
342	270
342	276
342	495
342	729
342	339
342	1945
342	1993
342	776
96	438
96	649
96	2061
215	696
215	2061
218	1290
520	230
520	524
520	142
227	438
227	823
227	1318
227	1547
227	296
227	142
303	426
303	1174
52	228
71	929
71	677
71	1923
71	661
71	1641
71	74
929	740
1529	1314
747	680
747	386
747	579
747	368
747	779
747	83
747	336
747	73
747	600
747	203
747	349
747	234
747	458
747	198
747	502
747	724
747	328
747	737
747	599
747	665
747	545
747	494
747	609
747	610
747	315
747	330
747	620
747	229
747	235
747	628
747	526
747	527
747	763
747	146
747	104
747	771
747	217
747	110
747	202
747	204
747	43
747	655
747	72
747	26
747	685
747	18
747	542
747	703
747	741
747	310
747	124
747	127
747	153
747	205
747	113
747	696
747	489
747	561
747	369
747	175
747	353
747	91
747	362
2093	1990
583	1278
583	50
583	1126
583	64
583	284
583	643
1635	1706
615	556
615	555
615	614
615	98
74	680
74	975
74	1103
74	511
74	310
74	345
74	949
74	1220
74	1928
74	987
74	1024
74	547
74	661
74	906
74	1017
74	871
74	1634
74	604
74	154
74	505
74	2013
74	622
74	787
74	263
74	2124
74	377
74	19
74	867
74	193
1146	820
417	317
603	1047
603	1640
603	670
1121	1046
1121	643
1121	1344
1121	1138
1121	806
1121	1640
1640	1345
1640	1355
103	128
1401	1554
1401	951
1438	807
244	750
1373	1366
1373	1718
482	251
482	13
608	394
608	680
608	975
608	179
608	133
394	125
394	133
680	90
975	76
975	1079
975	668
179	331
125	160
125	1857
157	716
157	897
157	916
157	1340
157	1637
157	1017
157	181
157	1550
157	979
157	766
157	78
157	560
157	1375
157	1075
157	393
157	1289
157	2019
157	1038
157	214
157	1718
157	740
157	2095
157	1452
157	371
2095	2056
76	345
76	250
76	661
76	869
76	1128
76	131
76	694
76	181
76	1548
76	392
76	518
1079	1103
1079	864
1079	1315
1079	1389
1079	1724
1079	1718
668	1315
668	310
668	604
668	263
668	1508
331	774
331	101
899	1672
899	1564
899	1565
1103	1579
718	271
1763	407
1763	639
1732	853
1732	1493
1732	1644
1668	1910
1668	1488
28	1606
28	1718
28	586
1352	1672
579	696
1493	774
1493	867
1116	1593
1116	708
1116	31
1116	736
1564	1672
1564	687
1488	206
1488	1490
1488	980
1265	921
1265	1725
1499	1050
1499	1306
1499	1310
1672	696
1672	807
1672	903
1565	1088
271	2056
359	203
359	330
359	1787
359	1871
359	1320
359	808
359	1342
359	1068
407	1298
407	512
407	1875
639	250
639	584
853	1053
853	1019
1644	701
1644	1256
1644	322
1644	822
1644	318
1644	1328
1644	986
1644	1862
1644	1863
1644	1964
1644	1601
1644	462
1644	1290
160	322
160	469
160	1857
1857	2020
1910	705
1910	2081
1910	2159
1606	1293
1606	409
1718	810
1718	201
1718	1867
1718	2138
867	667
867	46
1593	1437
1593	1288
1593	978
1593	1461
708	250
708	14
31	250
31	14
736	250
736	14
687	110
687	741
687	1157
687	626
687	1700
687	1704
206	1028
206	1490
206	1891
206	536
206	1042
1490	531
560	955
560	78
560	1375
560	740
560	1452
560	246
921	1725
1050	1591
1050	1389
1050	1306
1050	1492
1050	1171
1306	607
1306	1310
1597	486
1597	1138
1597	1148
1556	1537
1278	486
1148	486
1148	1355
1148	285
1148	30
486	64
486	284
486	231
486	285
1138	1344
1138	1420
1138	806
1497	580
1497	1212
1497	901
1497	1126
1537	1535
1537	1348
1537	629
799	1699
799	1706
1194	1621
1194	594
594	1621
594	593
1535	1348
1535	629
612	1348
612	629
612	1046
64	284
1355	1047
1355	1648
285	231
285	30
30	231
30	679
1348	1047
629	221
1047	1354
1047	1344
1047	1345
1047	1420
1046	1345
1046	1344
1345	1344
2111	2047
1175	1628
1956	735
2100	1961
735	2106
735	216
735	307
735	195
735	86
1846	1927
1846	1847
1927	1847
1560	535
1560	791
1560	1161
1560	456
535	672
535	109
535	761
791	1003
791	1004
791	1661
791	786
1161	1702
456	1296
456	2099
456	1748
456	549
456	672
456	25
672	1460
672	591
672	549
672	924
672	1363
672	109
672	574
672	130
672	1343
672	2004
672	2040
672	1293
672	1003
672	1004
109	488
109	1296
109	1074
109	1888
109	507
109	2053
109	2054
109	635
109	640
109	459
109	884
109	778
109	1661
109	171
109	955
761	9
761	40
1003	2146
1003	1897
1003	1343
1003	1364
1003	786
1003	1469
1003	2028
1003	1004
1004	2146
1004	1343
1004	1364
1004	786
1004	1469
1661	453
1661	1358
1661	1469
786	1363
1702	1199
1296	1198
2099	453
2099	2098
549	591
549	287
549	453
549	640
549	507
549	574
549	488
25	1181
25	1897
25	20
25	778
2146	1897
862	986
862	1019
862	1812
862	1513
862	1407
862	1155
862	785
722	635
1460	924
1312	344
1312	1269
1312	1428
1312	1622
1312	1260
1312	418
1468	847
1468	848
1895	102
1895	1893
441	297
296	438
296	1236
296	692
1327	1569
1327	1165
264	635
779	1203
779	542
779	684
348	344
348	1596
348	1244
89	635
1027	1322
1027	1336
1027	322
1027	1388
1027	56
521	344
521	156
521	1081
521	1082
375	635
375	1576
375	836
1539	924
1919	1007
2057	790
2057	1510
228	259
228	1692
228	323
228	119
1897	640
1897	732
986	1642
1019	1256
1019	927
1019	906
1019	1290
1019	926
1812	1513
1812	1155
1812	783
1812	785
1812	1407
1513	1328
1513	634
1513	785
1407	1155
1407	783
1407	1626
1155	1328
1155	1601
1155	783
1155	785
785	1328
635	632
635	683
635	381
635	651
635	208
635	172
635	177
635	442
635	660
635	256
635	474
635	634
635	436
635	640
924	1480
924	1309
344	1671
344	1267
344	1622
344	1
344	335
344	1881
344	963
344	316
344	1442
344	1445
344	1627
344	2032
344	1275
344	1260
344	1244
344	675
344	1007
1269	1260
1269	876
1269	453
1269	418
1428	1622
1428	2079
1428	1601
1622	1322
1622	1578
1260	2090
1260	654
1260	1104
418	135
418	1198
418	740
847	710
847	1032
847	848
847	1402
848	1607
848	1223
848	1032
848	591
848	1388
848	1739
848	1400
102	2012
102	404
102	1824
102	1893
102	1964
1893	1908
297	809
297	1321
438	550
438	710
438	391
438	79
438	21
438	607
438	616
438	692
438	720
823	1283
823	142
1318	1283
1318	142
1547	1283
1547	142
142	1283
142	230
142	391
1236	1227
1236	861
1236	382
1236	1669
692	1191
1569	1486
1569	208
1569	1010
1569	1073
1569	1684
1569	1679
1569	1609
1569	1721
1569	1726
1569	1008
1569	1011
1569	877
1569	1587
1569	1182
1203	542
1203	1195
1203	1630
1203	1119
1203	816
1203	1411
684	1550
684	1425
684	525
684	161
1596	1244
1596	314
1244	1061
1244	314
1322	1020
1322	323
1336	1478
1388	1025
1388	1586
56	778
156	236
156	431
156	314
1081	1082
1686	837
2126	426
1007	837
1576	426
1576	1595
1576	1266
836	426
836	1595
836	1266
600	205
600	1052
198	655
737	2024
330	576
330	731
330	354
527	1656
527	1968
763	241
763	1879
146	17
104	771
771	202
771	72
217	685
202	204
202	72
204	1645
204	1811
204	597
204	741
43	576
26	1129
18	890
18	866
18	1932
18	127
741	1157
124	122
124	127
127	122
489	238
489	301
489	1815
489	46
1052	832
1052	1066
1052	1051
2024	1932
2024	1778
576	570
576	212
576	2026
576	1258
576	1381
576	1200
576	1524
576	1922
576	1814
576	59
576	874
576	1245
576	1067
576	605
576	863
576	293
576	1526
576	354
576	1710
576	726
576	1801
576	834
576	839
576	1014
576	1932
576	355
576	731
731	808
731	1450
731	1778
731	121
731	1656
354	839
354	1072
354	1520
879	979
1656	1710
1656	1822
1968	1774
1879	1760
1645	797
597	675
597	434
597	224
597	106
1129	809
1129	1190
1129	1222
1129	814
1129	919
1129	1080
890	866
1932	1912
1157	1700
1157	1704
122	1093
1133	1666
1112	1512
1112	1073
1112	1403
1112	926
1112	101
1112	1618
1838	485
1838	1908
238	193
238	301
238	46
238	1815
301	46
1815	253
1531	887
1531	983
1531	1154
2122	75
2122	1854
2122	1855
2122	1864
183	539
183	454
183	541
1698	1626
288	75
288	1377
288	2037
288	2157
649	166
649	457
649	2123
649	752
2061	2062
318	426
318	445
318	991
318	1173
887	983
983	1735
983	256
983	1636
983	928
983	1302
983	1002
1154	819
75	1123
75	1854
75	1855
75	1354
1854	1864
1854	1976
1854	2048
1854	1855
1855	1864
1855	2075
539	1123
539	1665
539	1210
539	1209
539	1453
539	454
539	541
454	541
454	1368
541	1123
1626	1584
1626	1735
1626	1164
1377	1642
1377	313
2037	1584
2037	2151
345	117
345	1924
345	261
345	622
117	513
117	155
117	452
1924	2040
261	626
622	377
513	452
513	155
155	84
155	12
452	347
2040	574
2040	2004
62	945
62	423
62	324
62	332
788	945
788	1414
788	1268
423	1290
423	557
580	922
580	1212
580	581
580	1126
580	1215
922	1416
922	1233
922	923
1212	1126
1212	817
1212	818
1212	819
1212	1552
581	222
581	49
581	50
1126	923
1215	818
1215	819
1215	1699
1215	1209
1215	1707
1215	824
1215	825
1416	923
1233	923
817	1125
817	818
817	819
817	1367
818	1125
818	819
1552	1553
1552	1554
1496	1125
1125	857
1125	166
857	2060
166	457
901	1553
901	1554
1553	1554
1554	951
222	643
49	643
50	643
50	150
643	1904
643	150
259	320
1329	1986
1329	1020
1329	2127
1292	960
1292	1085
1123	1188
1123	1176
1123	1354
1123	1674
1123	1680
2052	2062
2060	2062
1512	1235
1512	1671
1512	949
1512	1087
1512	999
1512	1463
1512	1335
1512	1267
1512	1608
949	1608
999	347
999	1240
999	70
999	1463
1463	1053
1463	931
1463	1399
1463	1405
1463	1406
1463	1361
1335	1024
1335	1478
1335	944
1335	1607
1335	1223
1335	885
1335	1270
1335	1032
1335	1337
1335	1339
1335	1267
1267	1500
1608	1220
1608	987
1608	431
347	713
347	998
347	84
1240	998
1240	84
1240	912
1240	1201
1240	841
1240	897
1240	987
1240	1086
1240	742
1240	1141
1240	1241
1240	950
1240	1347
1240	1147
1240	772
70	255
70	1986
70	1521
70	1692
70	931
1053	931
1053	1197
1053	1568
1053	1024
1053	1607
1053	1191
931	1000
931	1484
944	1337
1607	1223
1223	1422
885	177
885	831
1270	208
1270	627
1270	236
1032	591
1337	1020
1339	1111
1339	434
1339	1570
1339	1678
1500	1484
1500	1238
1220	1484
1220	1618
431	2137
632	1909
632	683
632	401
632	1582
1020	1328
1909	1582
1909	1545
401	442
401	577
1582	1086
1582	1908
1582	1545
1582	2017
251	6
251	932
251	1505
251	865
932	1505
932	865
1505	865
865	795
323	140
414	1442
414	1445
414	1174
414	908
13	1234
587	214
335	426
335	585
963	1519
1442	675
1442	1135
1442	1444
1442	1445
1445	675
1627	1177
1275	426
1275	1234
1275	585
675	1429
1578	1061
1578	1010
1578	877
1578	1651
1578	1182
2080	1290
426	29
426	1187
426	1486
426	937
426	1061
426	1528
585	1061
585	911
1519	1177
1135	1174
1135	1444
1177	1180
1177	1620
1234	1187
1234	937
1234	790
1234	1510
1234	1263
1234	977
1234	1226
654	135
1104	1262
1061	1010
1061	1651
314	1073
314	1684
314	1726
314	509
1429	1208
1429	1601
837	1489
1181	1431
767	255
550	1422
1273	319
1273	1422
1092	1484
1712	453
1712	1290
1712	1025
255	421
1522	1484
1430	1484
1430	1356
514	453
514	506
1000	1185
1025	1238
1025	453
1025	1290
1025	1449
1025	876
1431	1412
1431	698
1431	861
1422	1657
319	29
1484	1521
1484	1057
1484	1692
1484	822
1484	1482
1484	1197
453	876
453	591
453	2156
453	9
453	706
453	2059
453	1566
453	1358
453	2092
453	2098
453	1449
453	2034
453	1124
1290	1197
1290	893
1290	1238
1290	1226
1290	1918
1290	1191
1290	429
1356	667
2098	2156
1185	1521
1238	1550
1057	627
1057	1359
1057	1307
627	338
627	1562
627	1679
1307	1657
570	212
570	2026
570	1258
570	1381
570	1200
570	1243
570	1246
570	1524
570	1709
570	169
570	1922
570	1814
570	872
570	59
570	874
570	1245
570	1067
570	1520
212	169
2026	1922
1258	1520
1381	1524
1200	1520
1243	1524
1243	1245
1246	1520
1524	1520
1524	1526
1524	1245
1709	1520
1709	839
1709	59
1814	1067
1814	1801
1814	834
872	1520
872	59
59	1520
59	839
59	874
874	1520
874	839
1245	1520
1067	1801
1067	834
1067	839
1520	1526
1520	834
1520	839
1520	1072
1520	920
1520	873
1520	1211
1526	839
839	1072
1801	1821
834	1821
605	476
605	676
863	808
293	387
1710	1450
726	1418
726	1068
1014	676
1014	1091
1014	1056
355	1562
355	1093
355	1094
355	2068
476	1091
476	1056
676	1091
676	1056
808	1320
808	1450
808	1342
1418	989
1068	989
1091	1288
1912	304
1562	1637
1093	1659
1093	2085
1094	1659
1094	2085
2147	2019
1320	1300
1342	1300
480	667
480	257
667	2072
667	1974
667	1928
667	257
1928	1923
1928	2114
1928	2124
257	36
2072	36
1974	36
1923	2114
2114	2124
1706	1385
1621	824
1621	300
1621	1448
1621	752
593	300
1188	1354
1176	1285
1176	1354
1176	254
1354	1695
1354	313
1354	1420
1354	1089
1354	1304
1354	1465
1354	1039
1354	1040
1354	1317
1354	806
1354	992
1354	994
1354	1001
1354	911
1354	1426
1354	1674
1354	1680
1674	1680
1665	883
1210	1453
1210	883
1453	1152
1285	405
1285	1298
1285	770
1285	1382
1285	968
1707	824
1707	825
713	161
998	1241
998	84
84	1241
84	12
84	715
84	27
84	950
84	1803
84	1347
84	1550
161	1147
161	759
161	95
161	996
1241	912
1241	1141
1241	950
1241	1347
1241	1147
1241	772
27	532
1803	99
1803	1913
1347	1147
1550	1624
1550	1158
1550	1199
1550	1425
1550	1419
1550	1555
1550	1427
912	1149
912	1150
1201	325
1086	1545
1086	1641
1086	1076
1086	1078
742	645
742	772
1141	1172
1147	772
772	312
772	1502
772	51
772	2076
772	768
772	2166
1149	2044
1149	1323
1149	1891
1149	1150
1150	1323
1150	1630
325	211
1076	1078
645	312
645	211
645	51
1172	623
1172	2108
1172	915
1328	1423
1328	1584
1328	1101
1328	1031
1328	927
1328	1412
1328	1109
1328	1111
1328	1568
1328	947
1328	783
1328	1173
1328	1107
29	382
29	429
1486	1008
1528	1487
1528	151
382	2132
382	1837
256	928
256	634
1595	1776
1595	1824
1595	1964
1595	1862
1595	1863
1595	1657
1595	1301
1595	151
1266	1301
1008	1011
1174	893
1174	1033
1174	1074
1174	1297
1174	1102
1010	1011
1010	877
1010	1651
1010	1182
1651	877
1487	1532
151	360
445	690
991	1084
991	1368
1584	2151
1584	1164
1101	1111
1031	258
1412	1111
1109	1570
1109	2151
1111	258
1111	1570
1107	1617
1164	1570
258	7
258	400
258	544
258	268
258	0
258	8
258	14
258	751
258	435
634	1570
1601	224
1570	1678
1617	236
2017	1479
2044	80
1766	1810
1037	1028
1037	1470
1037	1042
1037	1610
312	577
1283	1284
1283	230
1283	391
1284	1055
1284	1169
1284	230
230	391
399	1250
399	1251
698	360
698	474
250	577
250	170
250	694
250	498
250	499
250	584
250	304
250	107
250	108
250	33
304	108
304	1461
954	1461
954	1591
954	450
954	969
916	1038
1999	2003
946	1600
946	1179
1340	1075
350	770
350	180
350	111
350	730
350	201
350	664
350	351
201	1990
2107	613
2107	1953
2107	1865
2107	2046
214	78
214	469
1887	1902
1028	1435
1028	1042
1028	1610
1470	1464
1042	1435
1042	1043
577	1502
577	2034
577	1532
577	389
1055	607
1055	1059
1169	524
1169	1454
1250	1251
170	4
498	107
498	108
499	1287
499	1288
107	1288
107	108
107	1937
108	1288
33	1591
33	1701
1461	1288
1461	1357
519	420
519	10
519	192
519	190
519	705
519	510
519	280
519	193
1591	871
1591	1701
1591	36
450	646
1038	1196
1600	1293
524	1454
172	245
177	1489
177	911
236	1271
245	1636
1271	997
591	2155
591	287
591	1186
591	1358
591	199
591	488
591	1105
591	2054
591	640
1678	861
607	821
616	613
616	268
616	2046
821	1389
821	1421
613	268
613	14
613	232
268	14
268	232
268	2046
1191	661
1370	1102
2038	985
1102	985
1102	1479
1102	1413
985	159
985	2066
159	2066
740	1683
740	164
740	1703
740	1667
1683	1198
1017	1574
1634	1252
154	392
505	134
787	1287
787	1288
787	1437
19	571
193	420
193	10
193	192
193	280
1574	484
1252	820
1252	907
1252	918
1252	829
1252	830
1252	1115
1252	1477
134	2135
1287	810
1287	945
1287	976
1287	1414
1287	1437
1287	1397
1287	905
1288	1128
1288	1414
1288	1502
1437	1393
1437	891
36	1066
36	1701
36	1933
571	424
571	1762
869	1374
1128	1393
181	766
181	662
181	518
1548	1291
1548	1374
518	766
518	662
1393	976
1393	1414
1393	1397
1393	905
1393	1502
1393	1097
766	979
766	78
2015	2092
2015	2034
1151	1350
903	1491
640	287
640	199
640	2054
640	459
640	1363
640	20
640	732
640	574
640	130
1363	1343
1363	1364
574	1962
574	242
574	1827
1186	1309
1186	1268
1358	1567
488	2053
1105	798
1105	1026
2054	2053
1309	1132
1268	976
1268	1414
1268	1898
1268	2140
1268	1842
9	308
9	481
1566	1124
1566	1567
1124	1567
507	1888
507	798
1835	2011
1739	641
798	1095
798	1433
798	792
1026	1433
240	61
99	759
99	1852
99	1613
99	1619
99	1722
99	1255
1913	416
1158	1555
1425	525
1419	525
1427	525
1435	1043
1891	1875
1891	1774
1891	200
1891	58
536	200
536	58
790	1510
1198	859
1198	517
1198	1170
2028	308
970	1396
970	974
39	24
68	1979
68	1845
68	979
68	2007
68	522
68	1825
1869	1754
656	657
2014	2018
2014	1828
2018	1828
1889	730
730	770
730	351
734	213
1084	2035
281	460
1954	2150
1954	98
1954	978
1192	2150
1491	1390
1491	851
1491	1605
2135	2012
2135	2023
1809	2071
1735	1002
1480	1532
1532	925
1532	327
1532	782
1182	1073
1182	1684
1182	1726
908	809
908	919
1195	1323
1195	1630
1323	1062
1323	1145
1062	930
1062	1254
211	2076
2076	1324
945	327
945	1414
976	905
1397	905
327	324
327	326
327	1899
1937	389
1937	623
1937	1064
420	10
420	192
420	439
10	192
10	280
192	705
192	510
192	280
192	439
439	97
439	388
510	356
190	356
115	41
115	1713
115	138
115	904
115	2153
1208	1434
1612	1517
1647	2074
1647	1684
1647	1908
2074	1636
1684	1636
1684	1726
1908	442
1659	1652
1281	1604
1281	948
1281	1471
1281	1272
1281	1282
1281	1451
1281	1346
1604	1451
1604	1272
948	1282
948	1446
1471	1282
1471	447
1471	1501
1471	693
1471	1633
1272	1282
1272	1346
1272	1451
1282	1494
1282	1022
1282	1446
1451	1346
447	630
447	1501
1501	693
693	531
693	648
960	1301
178	286
286	1963
1862	1964
1862	1863
1863	1964
462	187
121	1825
121	1990
121	595
249	86
249	652
2106	1750
86	652
86	373
652	373
216	196
307	598
195	707
195	196
196	707
598	158
598	428
598	432
598	302
707	158
409	1298
409	753
1819	224
1819	1781
2066	2062
357	803
357	243
357	1563
803	53
803	1563
803	1439
243	53
1563	53
2081	2159
809	1190
809	1229
809	1639
809	1222
809	1044
809	1615
809	812
809	814
809	919
809	1080
809	1365
928	1636
459	267
459	1705
459	130
20	732
20	334
20	267
732	267
267	334
1705	1364
1705	1469
1343	1364
1343	1456
1364	1469
884	1658
171	114
955	1280
1962	1827
242	14
1827	2083
1827	2110
1827	299
1642	1475
1642	313
1475	801
313	801
313	534
400	555
400	14
544	0
544	14
544	751
0	8
0	435
0	14
8	435
8	14
8	751
14	437
14	393
14	232
14	746
14	384
14	751
14	435
14	443
751	435
555	556
746	299
1701	832
158	184
158	433
184	428
184	432
184	433
433	428
433	432
428	302
428	432
432	302
432	165
2132	1837
1456	1469
1456	1095
1456	308
1095	1360
1095	1433
1095	792
405	753
753	444
1844	1979
1844	1845
1979	1845
1845	979
979	1825
1825	978
1825	1966
2007	1779
2007	1780
522	525
978	664
496	1896
496	663
1896	1851
1813	1818
2029	1818
1818	2073
24	269
1023	1090
1023	878
1090	1029
878	1472
41	1733
41	889
41	94
41	1982
41	725
41	533
41	1713
41	892
41	352
41	23
41	888
41	1716
48	725
48	1783
1503	1108
1503	1276
1503	1504
1503	1507
1503	1525
1503	1308
1108	1504
1108	1506
1108	1507
1276	1504
1276	1506
1276	1525
1504	1415
1504	1507
1504	1525
1504	1308
1504	1506
1507	1506
1507	1308
1525	1506
1525	1415
1308	1506
1506	1415
1636	1073
1726	1679
930	1254
930	805
1254	1464
1724	1538
1724	1508
1724	1492
1421	1417
1747	1326
1747	1324
1747	419
1747	2160
260	1324
260	419
260	619
260	2166
260	2069
1324	1543
1326	971
1326	419
1326	2144
1326	1602
1326	776
1326	2161
1326	248
1326	105
419	398
419	248
2166	971
2166	776
971	1602
776	2088
776	398
2088	248
1382	1313
1313	1623
1313	1655
1313	1005
1774	990
200	1464
58	990
1464	1021
1464	1100
1733	904
889	904
889	2153
889	1713
889	892
94	126
1982	2153
1982	1713
1982	1716
725	93
533	777
1713	1870
1713	1978
1713	1991
1713	1992
1713	138
1713	2153
1713	1716
1713	2002
1713	892
1713	468
1713	416
892	138
892	904
892	1716
352	904
352	1372
23	759
888	1731
888	896
1716	138
1716	2153
1716	1991
904	292
904	1372
2153	2025
2153	1977
2153	1992
2153	2002
2153	2008
2153	2022
93	759
138	748
138	137
138	416
468	896
468	182
468	491
416	137
1372	896
759	95
759	292
1217	1349
376	641
376	704
1933	748
641	484
484	642
642	697
517	1170
517	164
962	829
1886	1884
1886	1885
1886	1902
1884	1902
1884	1885
1885	1902
829	820
78	469
801	1542
1824	2006
485	711
464	467
464	573
464	275
464	279
467	2000
467	270
467	276
467	495
467	729
573	270
2000	2115
270	339
270	495
270	276
276	2115
276	1993
495	339
729	1945
729	67
729	1993
339	1549
339	1602
1993	1945
1375	1452
1452	1289
1196	840
1867	1754
1985	2065
389	324
389	332
389	185
324	326
324	278
324	185
324	332
332	185
332	1064
1990	233
299	2083
299	2110
299	596
152	1383
1383	1398
1383	1384
487	291
1036	1662
1190	1321
1229	1615
1639	1615
1222	1321
1044	812
1044	814
1044	1365
1044	1341
812	1080
812	1365
812	814
812	1341
814	1365
814	1321
814	1080
1080	1321
1321	1041
326	278
278	1898
1064	623
1064	952
1058	1211
1898	2108
1898	2140
2140	623
2140	2108
623	637
637	515
95	1255
95	358
1255	894
1255	358
996	1015
1613	1614
1613	1162
1613	1619
1613	784
1619	1614
1619	1722
1619	1723
1722	1723
194	673
827	909
827	1894
827	913
909	1894
909	913
1894	2144
1602	1549
398	248
248	105
1264	1134
372	273
2041	1744
53	1439
2136	2148
805	990
1541	1395
364	590
364	366
364	365
590	365
590	366
365	2112
1357	1511
2086	2065
2133	1925
2149	1955
815	880
1180	1620
849	1720
1853	1861
1654	852
1654	855
1654	1338
852	1015
855	1338
1338	784
1338	917
1338	1015
784	845
784	917
917	850
595	233
1849	2163
1764	1938
1764	1770
1938	1765
1938	1770
1770	1765
679	32
630	408
509	669
1330	1167
1167	1331
1167	1332
820	1115
1385	1653
748	1926
748	137
748	1941
1926	1941
952	1660
993	973
973	802
802	1168
504	702
553	123
1746	1948
1804	1805
795	794
265	758
379	756
379	176
756	176
340	529
340	341
340	709
529	341
529	709
341	709
1120	1677
1989	1882
915	1294
1714	1458
1458	838
1996	1997
920	873
1211	1247
1295	886
81	647
1319	1391
272	516
272	914
272	1551
914	1551
939	1242
1048	984
1960	1949
678	528
895	1436
1915	1981
1160	1166
1660	1083
2119	2154
972	953
1387	1239
1681	1682
491	182
2008	2022
1156	1013
589	282
589	592
589	1509
282	592
592	1144
592	1509
1509	1144
1798	2120
1873	1998
1777	2064
1777	1802
2064	1802
1629	796
1874	1920
617	226
2142	2096
