1326	6376
1009	3489
700	5951
700	3712
700	3426
6462	2302
5259	1107
5930	4943
5333	2859
5065	2561
5065	860
6842	2592
2216	4045
5959	2561
6902	1542
6902	5859
2295	2101
5311	6841
5311	6180
671	481
671	1921
6826	2561
1641	3250
1641	2449
4863	6134
1949	4189
1498	4366
4225	4854
4225	3769
195	400
5813	6474
5813	2592
5813	6022
1935	5517
1032	2432
1432	287
4243	1384
4243	1526
4763	6515
1417	377
5605	2559
3711	2432
2116	5666
1613	4740
1221	6474
698	5502
3390	3390
3390	1005
3988	4606
3988	5951
3988	3712
3988	6347
3988	4493
2825	5038
470	6505
470	186
470	2453
149	2588
5348	4493
5348	3649
430	4792
430	4606
430	1936
430	6474
3159	1962
3159	2725
3159	3129
3875	1130
2184	1670
4573	3998
4573	493
4192	3695
4192	477
3527	3815
3527	6604
3527	4783
6277	4183
2018	2018
6828	5942
2827	5882
1764	989
1764	2838
1343	1908
3161	4493
3161	3649
3161	5274
2272	6864
4644	2536
3475	289
4957	162
4957	5579
4954	499
4513	768
6865	4854
5828	1034
3787	3178
4137	1670
4137	186
2858	6134
1998	5581
1998	269
1998	4493
2632	1032
4911	4606
4911	2202
4911	6048
4911	6474
4911	3649
3250	4856
3250	4119
5487	860
1401	1401
5021	5517
3880	4650
4258	1187
232	1228
1020	6013
1020	154
6859	2152
5795	5585
1142	6474
1142	1609
1142	2394
5960	6781
4534	3070
642	6658
3529	6599
3529	4357
1809	179
2575	1961
6777	4606
6777	1323
6777	4493
6424	941
5047	4508
4613	2559
6675	1558
6675	3062
6675	4259
6675	4677
5249	2725
1963	6078
5538	2199
2193	2619
3073	4792
3073	254
3073	806
3073	1323
3073	4517
3073	777
3073	4721
3073	4847
3073	4493
4327	6658
4327	2551
4327	3366
4327	2151
5965	6112
2509	3695
6803	2624
2306	2306
4718	1962
4718	2516
4718	4234
4718	1420
4718	904
563	2952
3162	384
2469	5585
2469	1716
1378	2561
5356	4781
5989	4854
2702	1173
1858	6672
1754	4606
1754	705
1754	4493
2969	768
2969	2086
4537	1991
1884	461
4777	2561
4777	4281
1285	6781
4844	5700
32	2507
688	5438
688	2432
688	2443
5566	4915
5566	5700
1208	6673
4565	1107
2066	2152
4891	2847
5585	4102
5492	6159
4408	1404
4408	6781
4408	186
4408	4311
5089	3907
1435	1173
1435	6472
1435	5073
930	4684
930	4926
6582	2379
5332	2152
5290	384
4158	4158
4158	589
4380	1228
467	2344
467	467
1711	1480
1711	906
1711	5002
1711	6781
1711	4806
1711	5517
169	1396
3685	4281
3685	2561
3685	860
2043	6665
2043	1214
1561	4603
2576	4781
1189	2780
1974	1849
663	4119
6174	4795
4417	3761
4417	3695
4417	3601
1450	768
4070	5752
3146	1228
3146	1187
2096	6821
5369	1530
1695	1034
6880	1957
224	2952
605	2064
1254	5666
284	5229
2750	5951
2750	3712
4143	4851
4143	5508
1351	4546
5019	437
2069	4606
2069	1754
2069	5274
2069	4493
3387	4928
2344	2624
5206	4854
6768	3265
3396	6842
5661	2561
5661	6180
729	1432
729	287
4713	4713
2946	5951
2946	3712
2946	3426
5214	2419
5940	4058
5199	5506
2602	3515
2602	6781
2242	4268
514	4071
514	4536
514	504
514	1229
4775	6048
4775	794
4775	4854
4775	3295
4775	3769
4775	2604
4775	6138
4775	4189
4775	6112
2953	3845
1645	3761
2511	1146
5429	2347
5196	768
493	3998
5935	5320
4165	6358
3882	1653
3882	6429
3334	3366
3334	6864
6587	4858
2040	2166
1367	6812
4213	2198
4213	287
1743	103
1743	134
1743	794
1743	724
6256	4400
518	6711
3694	589
1170	4664
1170	6178
561	561
5278	2624
386	1909
6201	3390
6201	5365
2228	4509
369	3375
3802	4854
6696	589
6696	524
6696	5710
2518	4946
2231	2952
3775	615
6689	4308
1267	481
6613	5092
438	6812
2762	2336
5874	200
5132	2372
1670	4684
1670	4926
6039	2624
4820	2814
4559	1957
1586	499
3690	94
3690	4080
454	1420
454	4783
5819	1587
3204	3091
3204	2559
3204	3208
4634	4664
6558	2379
2120	1670
2120	4926
707	1228
707	1187
1264	1844
6088	5408
2604	6474
4935	3359
4935	1379
6381	4871
4131	3992
5955	1947
1701	6325
5031	879
5946	6864
1962	6505
1962	4234
1962	2453
5226	1909
188	1539
4242	5529
4007	1194
1742	1909
1912	1542
1912	5859
1912	5847
2958	281
6120	777
538	3551
538	1909
538	4041
366	366
3079	6604
3079	4783
2661	3641
5305	2561
5305	860
2626	5029
2626	4806
2358	4536
1307	4234
5370	1503
3401	1789
1968	3023
1331	5274
1331	4493
1167	2152
3569	5858
3437	6377
5289	1228
1470	3725
1791	4733
2964	2492
6041	6647
820	5548
2809	2809
3904	5179
3904	805
3904	4806
3904	5517
1442	1228
1442	1187
4764	1107
4764	4305
2410	563
2410	4539
1728	3023
87	777
87	2551
4672	3250
1418	5365
1261	5724
1261	4653
1261	5384
3038	4045
131	589
6232	1094
5217	6841
5217	1849
5217	1232
5217	5548
92	6168
4355	3842
5131	4871
1400	1420
1400	5517
95	1924
95	4854
2022	6578
2022	287
2284	2784
1902	6018
1902	1420
2588	4119
6008	435
2485	1187
4087	6474
509	624
2817	4820
6584	768
4377	1420
1795	3845
1834	2732
63	2449
63	6722
1807	4606
307	4606
307	5951
307	6347
307	1754
307	5274
307	269
307	4493
2035	3334
2035	777
2035	2551
2035	3366
2035	6842
2035	3649
1349	1349
6344	287
6225	2978
6225	5713
4773	1194
2478	6578
4072	960
5880	6812
5880	2952
575	4456
2423	384
2645	1457
2645	738
5182	589
5182	2561
5182	860
4689	3006
3932	1121
3632	4923
254	5274
254	4018
254	4493
2337	2337
1542	5847
5109	1421
887	860
887	5517
1471	3341
5157	3040
3281	6699
6014	4606
6014	1504
6014	1384
6014	1944
708	5666
6032	6358
5732	4779
5732	1497
5732	4822
5732	1624
4719	4045
4719	1348
5775	4792
5775	254
5775	777
6053	974
6053	6474
379	1735
5800	768
4614	794
3534	4606
1214	6665
1214	493
53	4926
6630	2561
6630	499
4797	5951
799	890
42	4469
4972	4060
6279	3761
4438	2152
145	3226
2244	1689
4540	4533
4661	1228
4133	4854
6616	477
6616	5509
533	2866
598	3907
6400	316
2012	6347
2012	269
2012	307
2012	4493
4527	4820
3102	805
6848	5847
6759	4856
6759	4119
2988	2588
5627	4856
5627	4119
5627	527
5459	3308
5459	1721
3634	4503
6731	3889
1436	3551
4383	4664
4383	6178
6160	6160
965	4600
750	6551
750	5724
2189	384
3450	2297
792	2561
792	6188
892	1420
892	6781
892	97
1857	2832
1988	6868
3676	2780
2049	15
2049	4904
1756	3390
1756	4944
456	5773
2569	624
2526	5483
2526	6160
725	4101
217	2449
217	6722
4124	5232
2676	4557
6841	6488
6841	5517
4148	4234
1533	3029
4340	1214
3167	3925
3164	589
3164	2561
3164	860
3164	792
2753	1962
2753	4234
2753	2516
2192	4249
6594	1670
6594	4926
2311	3569
3	3845
3011	6211
5914	3390
5914	1756
5914	3453
3698	4606
3698	5951
3698	6347
3698	4493
6568	6159
6741	3164
6741	5220
6741	1849
1394	4684
1394	5517
1394	749
4226	5791
4226	4475
1599	5073
1599	1420
5525	583
477	5263
6383	4390
2322	3714
6117	3462
6366	5687
6366	2854
3195	4400
3195	5570
1045	509
1045	775
6180	499
6180	2561
583	583
6017	311
6017	4058
1316	4684
1316	3359
2183	6781
2183	4509
2183	5467
2183	6472
1691	2561
6776	2370
6203	5690
6864	3366
6864	384
5885	2561
5885	860
5885	6180
2857	6771
1366	377
2860	3390
2860	4944
3287	3666
220	6781
5488	181
3135	1414
258	491
258	5179
258	805
5915	4215
1854	2152
228	6222
5617	6474
4451	4173
2439	1539
2439	4858
6914	1526
3386	4684
1005	3390
5395	2592
5395	4606
5395	6892
5395	3649
5395	3269
812	1796
2137	2561
2137	5220
2137	860
1340	746
3080	200
6089	2297
2379	4048
6603	5055
3123	5200
4724	2592
3078	1099
815	3725
5078	3390
5294	311
282	2126
3476	2308
3476	3434
5988	1854
5409	4792
5409	2289
5409	4493
6139	5443
5413	6282
2198	1432
3602	384
935	6211
921	2561
6337	6337
6288	2559
5338	2449
4774	4101
2285	2209
6136	6013
6136	154
6814	5266
837	3468
6849	3023
167	3023
520	5710
520	269
3189	3609
3189	6192
5107	5200
5107	5107
2580	158
1311	3070
5451	1343
4721	423
4721	4493
4721	1864
4721	1932
5506	5506
606	1107
606	4305
6629	3006
535	4119
4755	3204
549	646
1209	2561
1209	860
3883	339
3883	384
3883	2394
4583	2289
4583	5294
59	6658
6679	768
6679	1450
1638	551
227	188
2595	5448
3907	5666
4040	406
4040	6849
347	4606
347	5274
347	4493
347	3649
2737	6137
2737	1232
2737	4311
2737	186
2737	6781
804	3023
2711	107
3695	3761
1636	6892
1987	2958
93	4600
3458	1995
3458	6188
3458	792
6496	1033
2757	1121
6074	4606
6074	642
6074	1932
6074	3712
6074	3426
6074	3040
6074	5274
6074	4493
6074	3649
6074	5215
3385	5004
3385	3695
3385	944
5552	3082
281	481
385	2732
198	777
198	2551
2456	764
5836	4903
2154	2154
3139	2152
2542	3144
72	4928
72	4943
6506	245
1134	5951
1134	3712
1134	3426
6303	4020
5534	5065
4761	4927
4761	4493
2998	5323
4306	551
3536	2615
3859	1173
2731	672
2731	1229
3885	4158
6367	6112
3496	3204
3219	768
2099	6842
1219	499
1219	3815
1219	4783
1219	1219
3643	3956
3674	173
3187	5394
3187	6407
4066	589
4066	2561
1504	1558
1504	6048
1504	2593
1504	5365
1504	5492
1504	4225
4350	1529
6498	4503
2593	3295
2593	1418
4638	5617
6359	5274
6359	4493
3642	1489
2689	5394
4247	3023
1362	1362
627	4684
5341	2561
6781	186
3947	3311
652	2036
873	2561
873	6188
873	792
4779	1624
5562	2592
6583	307
6626	2561
2806	768
2806	3119
6586	535
5687	1107
5687	4305
5687	2854
6020	4660
4411	4557
1095	4606
1095	5319
1095	173
1095	384
1095	3662
717	287
717	5408
717	717
3791	4806
3791	3153
3943	1962
3943	6102
6553	2978
6124	3813
6199	2382
6199	6199
545	4664
1279	5073
1279	1715
6273	2529
6273	3998
6273	5670
1682	5803
4854	5290
4854	4557
3589	6183
3589	2952
6220	1228
2807	3006
2807	3956
2584	1432
6830	6474
4669	1228
5471	4970
5471	904
5471	6102
1954	499
1954	202
1954	906
4307	3144
3398	4806
3398	3714
2710	1099
5319	384
2910	6781
1177	6784
1177	3142
946	1962
2086	3532
674	4456
5985	642
5985	777
1826	3097
6730	6864
6769	4557
5892	4400
136	3142
345	4684
6566	2523
5325	4415
6702	158
6702	5077
1772	254
1772	1228
1772	1181
1772	1323
1772	578
1772	4517
1772	4493
2583	906
6661	3695
6661	3824
4075	3006
927	768
5823	6505
5823	4234
5823	2453
1197	5673
2876	2677
1765	2014
1765	4060
816	412
3945	2971
662	4628
662	5922
662	4782
947	2952
116	5294
116	4493
2173	5837
2629	5599
4426	112
2735	2981
3639	4822
3652	5666
3652	4249
5725	1681
3715	3715
3715	1999
1080	4366
4964	4234
5793	790
6898	4557
6881	1187
4733	504
4733	5049
2610	1120
6145	6505
6145	2857
6145	3153
6145	1034
6145	6771
4702	6864
305	2906
1098	4606
1098	2592
2321	6781
2972	3086
5510	289
2400	2400
4567	3920
154	3434
4455	4020
6483	6360
4493	4606
3901	4684
3901	1670
3901	2561
3901	860
4059	2978
1398	2561
417	1067
417	2019
4658	777
1067	2019
5917	720
6824	4946
6824	2102
6824	5710
6824	2592
1150	3366
4841	2616
4663	3023
4539	1558
4539	4854
4539	3802
3535	1404
4785	4493
3528	2561
3528	6781
677	1706
677	1715
677	3965
1839	4606
1839	1936
1839	4058
1839	5951
1839	3712
1839	6347
1839	3426
1839	307
1839	2012
1839	5581
1839	5274
1839	5710
1839	269
1839	4493
1839	5215
5809	4673
4203	768
4329	5517
112	162
6094	5617
971	4493
971	3649
3468	805
3468	4806
3468	2824
3780	2732
6591	186
6591	6781
2303	5118
2303	4698
4706	1121
317	173
3150	5682
3208	2559
1700	3572
6793	6793
2900	112
3217	3037
2812	6217
4944	3390
2030	4507
2030	915
1696	5791
1696	1969
1592	5084
71	374
71	6488
4297	406
2831	2306
494	1909
5604	220
5604	6781
6571	6112
1246	2854
403	6781
403	4806
1929	5724
6692	2732
5896	6112
6140	3771
5068	130
1977	3609
1977	6192
2721	3142
4600	4189
1970	3097
465	777
5154	245
2581	768
2716	4854
2716	2952
4592	1936
4592	1839
4592	307
4592	4493
292	1670
292	2561
907	768
5817	5760
872	1123
5192	768
2163	3097
2838	5631
4668	1962
4668	4806
2991	4684
2991	589
2991	3515
2991	6077
547	1924
547	1162
3212	2308
2748	2559
6573	777
6573	3426
6573	4493
6573	3649
4792	2592
4792	4493
4792	3649
6369	1962
4144	768
479	504
1628	5112
6487	1754
6487	4493
5015	4517
5015	777
5015	4493
5015	4388
3905	3520
3276	768
3276	2152
644	3052
2124	3049
2124	2604
2124	1504
2124	1753
6852	4994
5136	2553
4281	2561
4281	6188
5559	494
943	6474
4745	2036
4745	1418
2150	1924
2150	634
2150	3334
2150	1944
5266	5253
52	6347
52	6821
1358	1348
1822	2561
1822	1637
1822	860
908	5253
908	5455
5663	6474
2465	2559
3712	5951
3712	1166
4643	768
482	5724
482	4653
482	5384
5147	2677
5147	4684
5147	5179
5147	1670
5147	686
2068	2419
2172	2172
5169	768
2077	2662
1094	6624
1237	6488
1237	499
1237	6841
1237	2561
1237	6781
5798	1356
4054	1788
1761	396
5408	5408
5408	287
4608	2423
4608	384
3723	5666
1037	6218
3266	3054
5590	1754
3998	6273
3998	2529
3998	49
6530	1476
4790	3719
1073	173
1388	2523
5435	991
5435	4660
4811	5724
4284	2621
412	1689
1033	245
6726	3153
6726	1034
780	3843
5711	287
5711	3071
1633	6449
2230	5839
1804	6505
1804	6929
1049	4628
552	5084
2582	1109
289	4189
5620	4837
1863	3375
346	1259
5390	4684
5390	1514
1867	3845
2795	374
2795	6488
5700	3573
3629	3551
5966	3695
6250	2978
6250	3142
6551	5724
6551	4653
332	6255
2957	1989
5665	4305
4871	6151
724	1924
1972	4684
103	4606
103	3649
4631	4631
3852	4631
6261	1146
6261	5157
6261	5294
1130	1539
2206	5443
6422	1228
2254	4493
979	2432
2305	2551
2305	777
2305	3426
3359	4926
31	3366
3510	5715
5224	3573
1591	5130
1591	4234
1591	2561
1740	4606
1740	5274
504	3998
504	3350
504	504
504	672
3689	3250
3689	3052
3689	4382
3689	4650
5181	768
1605	4305
945	1689
4910	2732
3826	1689
2655	5581
2655	5274
2655	269
2655	4493
2902	5589
5752	5752
6018	2824
6018	3921
5903	1766
5903	287
5903	1432
2433	3695
2433	3761
6102	904
1567	5365
1567	1384
1567	384
1567	2394
6167	5365
5099	5517
1585	2048
6355	384
6355	3674
5918	4330
2725	4234
1782	2977
5649	6505
5649	2453
5934	2592
4504	2419
4504	4504
2093	2308
2093	3434
3329	2432
6269	4119
1637	2866
2693	5326
2105	6505
2105	186
2105	2453
5592	416
5592	281
5326	268
1123	1123
1123	872
6641	268
6024	5932
6237	2952
4939	1034
5530	3508
5167	6842
5167	4606
5167	2592
5167	4493
5167	5167
5167	3649
5167	2551
3007	589
3007	3153
3007	2561
3007	5130
3007	3405
3007	906
6588	2732
3074	6662
5412	287
910	768
3622	5748
3622	6781
983	5631
983	287
1965	6488
376	268
2112	2963
6712	4268
5066	5066
6419	267
825	5631
321	4045
2071	1096
4081	3889
1679	1631
6633	1784
3179	3179
2229	4851
2229	4143
2229	5729
2127	2662
139	5438
139	2432
139	2443
4285	2516
4285	4234
4285	2561
4285	1420
4285	904
2976	5320
2369	3129
4856	4119
4805	3515
4805	6781
4587	76
4199	2952
4199	4854
4199	4453
5101	3204
4123	589
5345	6812
6164	5443
6164	6139
2201	1784
6708	4493
3318	2732
5992	5408
731	4806
746	4060
2377	2739
4995	2561
4995	5130
4938	5365
4938	498
4938	6474
5002	1480
5055	3129
78	245
2637	4101
2861	3006
4373	6604
4373	4783
2385	5858
2385	1032
4018	4792
4561	4493
1936	4606
1936	3662
1936	173
5713	2978
2875	6841
2875	6180
1055	1681
4886	4946
4886	2518
3897	2686
4074	4926
2286	5274
2286	1754
4362	3390
4362	5365
370	2432
1666	6864
56	3158
5229	4684
5229	1173
3274	2152
2558	4101
1001	384
3312	4628
1228	1187
2364	28
5120	3366
1642	2443
2605	2347
3059	2229
3059	4851
3059	4143
4357	3315
4364	5412
4364	287
5225	3315
5225	6821
5225	906
2799	3695
5450	6673
1181	4493
1996	2308
1996	3434
1996	3201
2032	4500
6077	860
4276	3244
506	1032
5108	6471
1744	6505
1744	2857
1744	3153
1744	1034
1744	6771
1734	2952
1734	2922
6019	2561
6019	5517
105	3695
5748	6781
5129	792
1457	2119
5783	4493
5783	5274
5783	254
5708	3359
3601	3824
3006	1947
6025	4169
2382	4889
871	5828
871	4684
805	5517
1492	4305
645	4606
645	5274
645	4493
645	3649
1461	1689
2224	3006
5421	794
5421	1355
3115	745
1023	6474
4120	1727
2587	2152
957	5585
4492	37
1944	1924
1944	5942
1944	1103
5792	6841
6254	4684
6254	5179
6254	1173
3064	3064
714	509
2992	2263
2992	4173
2992	3292
3911	5274
3911	4493
6844	1784
5145	1228
5145	3426
5508	4851
3807	60
6652	1323
6652	5274
6652	4493
3620	6151
4115	3551
6411	2453
5430	4172
4536	504
5659	1094
906	6505
906	186
1864	3492
3876	76
6357	4628
2021	3070
3774	1194
3774	3355
3672	2152
568	4782
2504	6188
295	4946
1218	2406
6592	311
6592	5294
2824	2213
2824	2017
2631	6784
2631	3142
4051	4390
660	481
660	281
2815	1957
5064	2561
5064	6690
5064	860
2678	3142
3417	6255
4035	6482
2878	1957
3446	939
4620	3341
1932	4493
4699	5055
249	4493
806	4493
2399	2963
3014	2116
4828	2324
5999	1653
1202	3320
1329	1962
3983	2732
3983	5135
1424	1802
5949	1070
5949	6503
5949	2443
1039	6474
6515	6515
4443	4374
5676	4929
590	2523
2141	764
375	6448
6638	6137
6638	6781
6638	186
6638	906
1524	1137
5539	4781
3605	5198
2853	1264
5254	1103
5254	3363
326	3882
326	6429
326	5090
3270	6841
3270	1849
3270	1232
3270	5548
3307	2591
584	3153
2499	4503
3085	339
3085	2394
5536	5365
6517	5118
6517	199
2174	5710
2174	5274
2174	307
2174	269
97	6018
1849	6841
1849	1173
1849	6180
466	6137
466	1232
466	6781
466	6472
751	2561
6917	6601
1650	384
1650	3674
2387	509
5696	902
5455	1228
5455	1187
1276	112
3223	369
3223	1775
1521	589
4652	1187
1706	5368
5830	1414
3459	243
6742	4856
6742	4119
6742	527
3378	2892
3233	720
2650	3390
2650	5365
4830	2733
496	3265
2199	5548
1151	1384
1298	3006
2234	307
2234	5274
2234	1754
2234	705
2234	269
1890	654
5017	2559
5017	3208
5378	2013
4337	2282
5567	4606
5567	705
5567	4493
230	4854
4221	2559
3244	4276
2042	3508
6762	5940
6762	4058
4810	5934
5366	4366
5721	6925
5694	481
5694	281
4187	158
1305	4742
5631	287
2166	2166
2252	2252
457	5847
4510	311
269	4606
269	1754
269	5274
269	4493
1460	6134
1460	2152
6472	1670
6472	186
6502	5290
1726	768
1231	3129
1272	2247
2745	2561
0	1727
963	5666
2386	3761
4983	4606
3031	2561
3031	792
234	4851
6822	76
6623	339
6623	2394
2100	4406
214	5523
2761	627
3500	5075
3500	6842
6352	2592
6352	4493
4056	4060
6797	1522
6188	860
2868	4684
3854	6771
5581	269
5581	705
5581	1754
5581	5274
117	1099
1999	3715
4794	3956
5479	2559
5479	2561
5479	5220
2148	4858
1575	3037
1575	3532
1995	792
1995	1563
5818	5274
5818	4493
5818	6347
5818	4606
5818	5951
5818	1754
2238	2767
2212	3569
3148	5631
5555	1653
1618	6925
5239	2561
1872	4456
449	3250
449	1802
1469	5687
421	4943
578	4792
578	254
578	806
578	1323
578	4517
578	777
578	4721
578	4847
578	4493
1758	384
2167	19
2167	2167
2424	3217
2917	2963
495	3040
2942	4856
2942	527
1989	4456
1570	6151
4404	2732
793	6183
793	2064
408	2167
1836	5220
1836	3405
4553	1962
4553	2516
4553	4234
4553	1420
4553	904
5849	3129
5634	1754
5634	4493
6606	3023
2139	1496
2978	2978
1841	5077
2781	1143
1416	1034
6187	1121
199	4101
6248	4684
6248	4926
2647	3520
5870	5870
3209	210
3209	3565
3209	3209
5952	1989
2777	6474
4956	1848
1762	4493
3020	768
4237	2854
6736	6474
2755	3551
2755	1909
3940	5517
3940	1283
6765	1558
304	3492
6598	768
6598	2919
3663	3366
3663	3334
3663	1187
786	1099
3771	3771
5178	2732
2158	1232
2158	6781
6219	461
6219	1482
3615	1962
3615	4234
3615	1034
5117	1727
4514	839
4114	5946
4114	6347
4114	384
4114	2423
6112	6095
4568	5724
5961	777
5961	642
5961	3649
5961	3894
57	4655
3992	3097
5932	3366
5932	6864
3405	2561
3130	4101
3260	2561
3260	5220
944	3601
944	3695
944	5004
1527	384
922	2379
3976	5951
3976	5274
3976	269
3976	4493
1779	2916
536	2209
673	5162
1212	3925
1552	1758
1552	6851
1552	1526
4509	1232
4509	6781
4509	6472
3714	4806
3714	3153
6816	6134
1187	1228
5441	384
2348	3334
2348	777
2361	4119
1179	6647
1179	6188
1179	860
4169	1348
1169	6134
4436	384
4436	3674
3547	4673
1582	3695
1582	3824
4817	4456
4184	5659
5241	4311
2539	504
2539	4781
3353	4854
6022	2202
6022	6474
6022	2394
6518	6647
6518	6188
6518	860
6518	906
1771	1771
134	5946
134	103
134	1924
134	724
134	634
6281	5666
6724	4664
6724	4698
3118	4256
3118	1120
894	112
894	1187
3037	720
4079	5585
4524	2561
4524	860
2320	5951
6470	4249
4483	4946
855	2261
3304	906
3304	639
6029	6183
6029	2064
4529	1631
6614	2978
5803	6771
4310	3320
2341	4249
1969	5791
1969	6355
3551	1909
2327	4926
3201	2308
1315	950
5033	1420
639	4600
2596	3049
2596	2604
2596	1504
2596	1753
1671	6474
1671	2592
1671	6022
101	1034
4390	4456
3335	5631
689	268
1211	1305
1211	4742
5012	6864
3147	6599
446	6255
4824	6599
519	6558
5467	6781
5467	6472
6467	2561
2072	1143
1715	1173
4421	3390
4421	1005
1301	3204
2883	4946
2883	2221
2404	2732
2404	2315
2384	1187
4517	254
4517	806
4517	777
4899	162
5780	2710
6286	4069
6286	1441
4233	173
25	3642
6138	4854
6138	6474
4305	626
6850	6048
6850	4854
6850	5365
6850	472
6426	5290
6426	4557
6399	4414
315	3695
2357	2064
1017	1034
1017	4148
4101	5118
4101	4698
5801	6812
6505	2453
2297	4099
4698	4664
4698	4698
4698	6178
5549	3709
5549	2827
5549	5882
400	4684
3395	5365
525	2732
3583	5118
3583	4698
1323	4606
5113	3250
5113	2449
5113	3023
6493	2456
6493	764
4898	225
1433	4606
1433	1433
1433	1936
1433	3662
1433	4493
1433	3649
3820	2952
3820	3649
5806	1764
3186	777
3186	2551
3850	4876
2293	4684
2293	589
2293	6077
3198	1804
4656	2551
4656	1731
2243	4806
1118	1032
3303	6853
1059	5220
1059	3405
6837	473
6385	2152
2081	2263
3768	4112
5758	4645
4688	6134
4688	2152
1072	6137
1072	6781
1072	6472
6576	2559
6576	400
1789	1789
222	1909
5032	2427
4229	6178
2490	6650
2490	287
5971	3551
4623	1152
6238	5365
6011	3680
3749	6474
705	4606
705	5274
705	1754
705	4493
2901	4242
5543	1194
1463	2561
1463	6690
1463	860
4518	4518
451	5666
1651	4268
2507	32
5515	1034
5111	1067
5111	2019
3617	2171
2301	1804
4211	1727
4926	1187
5428	6211
4336	563
4336	4854
4336	2952
2442	4606
2442	2102
1825	2854
1823	406
3745	3745
1249	146
2922	2952
1454	3814
3021	4388
66	4305
1239	3334
1239	777
5220	589
5220	2561
5220	860
5220	2453
5624	3390
5624	4944
5127	2456
5127	764
4881	1962
4881	5748
4881	1954
4881	906
4881	6882
107	2561
107	5220
107	792
4009	6752
4009	4653
3662	4606
3662	173
4859	2447
1110	52
6654	2732
6654	2263
99	5536
5350	1727
4354	3208
2480	6255
5572	5946
5284	3315
1991	504
83	4858
5977	4684
5977	4926
6564	4606
6564	2202
6564	6048
6564	6474
6564	3649
1387	4628
3355	1194
3355	4773
3355	3355
4868	6658
1985	2523
1985	3678
1346	5877
4116	4822
4094	491
4094	5179
4094	3243
4094	4189
4094	6180
236	4366
5998	5773
3397	5529
86	2952
86	221
86	5455
6697	3023
3191	2561
3806	672
3806	1229
1027	5502
5463	1727
2395	2824
2395	3921
826	5760
5299	225
3008	3295
3008	1418
62	2592
4737	5517
1065	5416
6699	6699
5642	2678
1573	5658
2027	1756
2027	5914
3668	509
3668	1107
3522	4519
2389	3849
2808	4557
1520	2561
1520	6423
952	1187
4259	2394
2705	2591
5540	2432
2994	6112
301	6851
6266	3390
6266	1756
6266	3453
4215	4215
4475	2336
4475	5791
5542	4281
5542	2561
5542	860
3549	4792
4446	768
4446	1450
3297	768
4888	5130
4888	4234
4888	2561
5655	672
5655	4781
5805	1735
1992	5071
6904	6205
5856	2423
5856	6347
5856	3363
5856	5946
4887	5951
4887	6474
4887	6022
4887	2592
4738	384
2952	6812
1753	1504
5910	4806
4440	4388
1558	6830
1558	173
1176	504
489	2302
5680	3153
5680	1034
2679	5673
374	2002
3571	2677
2585	5150
2585	4621
2076	2036
2076	1727
6887	2978
4796	1947
1497	6474
1497	1624
5172	2432
3477	3390
3477	4944
3649	4606
3649	2592
6163	768
5251	1706
4665	2615
6347	3363
2289	311
2289	4858
1512	4493
655	6151
2368	3695
2052	2419
2052	2052
6015	188
2703	416
3434	2308
3434	2952
686	4684
60	6241
3293	5274
3293	269
5740	499
5317	540
5317	933
3426	5951
3426	3712
2015	2015
3877	4606
3877	307
3877	5274
3877	269
4589	6048
4589	4854
4589	5365
4589	472
4569	3390
4569	4944
1310	6178
4268	4268
2598	3023
3486	4507
3486	915
3247	1886
1731	642
1731	2551
14	2978
4894	6505
4894	6929
5799	1121
5799	4706
5799	6187
1961	3761
2394	1384
2394	384
6465	3551
6465	3629
6854	4792
6854	4018
6854	4493
814	2595
4319	3649
2973	1706
2973	5368
2144	1909
2144	3551
579	3144
3095	1498
3095	6600
653	841
1883	745
2733	3384
6409	3594
2011	2152
4847	4517
4847	1228
4847	4493
1186	3434
5074	1490
6469	499
3586	6472
381	4889
5090	1653
361	768
2846	2561
2846	860
2846	6077
2846	3515
2846	5517
3831	3956
3624	4684
6542	4456
3272	768
5866	3492
1007	5517
4650	2890
4126	4812
4770	97
4770	4812
4770	6018
3311	5828
3311	4684
1075	2320
1075	3426
1075	4887
6619	1961
6151	4740
589	2561
589	6690
589	860
3922	6690
3594	2152
3946	1130
5042	4856
5042	4119
6929	6929
6929	906
6929	3714
2290	5114
777	3649
777	3269
359	3153
5760	4684
5760	2561
4765	6376
1690	1690
104	1947
434	2202
434	2593
434	1504
1719	4915
4346	3390
4346	1756
4346	3453
4389	5220
572	3761
6750	2516
161	3573
1577	6168
1559	744
1559	2591
4591	5951
4591	6474
4591	6022
4591	2592
4752	3205
4295	3695
4616	6841
6316	5486
4464	583
6660	4854
6660	3769
6660	1418
67	1670
5414	5666
3415	2561
3415	5517
5950	6488
1287	1957
4240	4240
3665	2152
6215	1489
6215	509
1856	2556
3609	4456
991	4660
2927	6925
2927	1263
3255	5842
2983	2983
6706	3037
6706	3532
2082	883
3782	1120
3114	4369
5292	2983
5312	2677
2698	2347
3607	4600
3520	2978
811	3889
4107	4189
1774	2064
2160	2432
1879	1796
3830	3830
6321	1760
4869	112
4869	5579
61	2983
5710	524
5710	705
5710	1754
5710	5274
4164	4164
3773	4493
3773	4847
3773	4792
3773	254
993	4058
79	867
540	5605
187	6441
667	5951
2169	3164
2169	1849
2169	5220
5554	5644
6058	3508
393	1348
393	3844
3151	6925
5026	2561
3867	3867
3867	768
1803	6781
3024	4782
6037	5323
4621	5150
6153	6031
6153	5517
5633	2152
3508	1655
554	1489
554	4764
554	1107
554	2667
5006	2561
204	4504
2056	2152
141	6180
5886	4268
6729	4058
2355	3390
2355	5365
5130	2561
5974	1909
5974	3551
2366	768
245	102
5852	3649
5852	4606
5353	5517
6649	2229
6649	5729
5922	4628
4222	4628
4222	1387
4604	2677
3704	4822
1003	1003
1347	2382
1347	6199
1096	484
6447	5951
6447	3712
6447	3426
1606	3295
1606	1418
1606	4225
4804	1194
2318	2318
2318	416
1019	2952
6334	4684
6334	1670
6334	2561
6334	860
1184	3971
1536	4946
1536	2221
5377	3492
5954	2952
2836	2739
6604	5229
2797	2182
6766	5951
5365	384
704	1962
522	3445
522	2377
522	5846
522	3784
860	6474
1406	3244
828	5290
828	4557
2336	3029
2270	3555
1283	5523
6632	4020
2175	3153
2175	1034
6886	2199
6387	5581
6387	5274
6387	269
2659	2890
3453	3390
3453	4944
3453	1756
2844	4628
5342	2592
1528	591
5480	2561
5743	6505
5743	1962
5743	4234
5743	2725
1194	4400
1194	2166
713	2616
2506	3815
6192	3609
3301	3363
3301	3334
6753	4456
2871	642
2871	777
5779	6906
6450	3244
5205	2306
1104	4926
1104	6180
3345	5666
3345	4249
1147	4533
2889	6488
2889	5517
4495	4495
2672	3641
5719	3390
5719	1756
5719	3453
5719	5914
5105	2780
1610	3137
3515	5368
2879	107
2879	5220
132	1348
2674	268
4626	2561
6267	3204
1297	2010
5656	2732
2426	1670
6416	2678
4562	4060
5868	5799
4387	768
5215	5951
5215	3712
1560	768
3853	6188
1661	6211
3585	2443
3585	1032
6718	6842
6718	5167
6718	3649
6718	5168
6718	1228
3902	3909
5297	5724
5297	482
3428	1187
2162	307
2162	5274
2162	1754
2162	705
2162	269
2904	2901
2904	4242
2904	5529
5695	2561
2176	2308
4831	5055
4090	817
2091	4600
4175	6665
4175	1214
2017	5585
5204	4667
6894	4915
6894	1719
6894	5566
727	491
727	5179
727	3243
727	4189
727	6180
6001	5509
1263	1432
1263	6925
3451	3723
4558	1228
4558	3366
4558	4388
3341	3341
471	805
471	6472
3269	3649
5135	2732
631	2733
4515	5687
2599	3250
2599	2890
508	524
508	705
508	1754
508	5274
4453	2952
4453	4854
4453	4453
2240	944
6007	1539
6379	1758
6379	6851
6379	1526
2363	4099
1887	2784
1887	2284
251	1542
251	5859
2601	2952
4781	672
4781	1229
3679	6096
1565	1191
1565	1565
6681	1034
4541	1379
432	5229
5054	1909
4399	4580
2151	1187
2215	2308
2215	2952
5234	6488
5234	5517
1363	1962
1363	4234
607	1355
2880	5715
2352	768
5944	6781
3761	3695
3152	3152
2412	2561
2412	6690
2412	860
5942	3366
1458	3971
3153	1034
1712	1339
1712	2382
5980	3366
5980	3334
5980	1187
5320	6078
2919	768
2567	2561
2089	2182
2089	1068
6559	6441
6559	850
322	3518
4474	2732
1354	5631
1354	2198
1354	5408
1354	6650
1354	287
1152	1152
499	6488
499	5517
383	4606
383	5274
383	1754
383	4493
3894	2592
3894	3649
3075	4876
843	5599
843	2732
843	5882
2551	6842
2551	777
2551	3334
2551	3649
3462	1420
2920	2662
2852	3334
2852	2551
2934	4606
2934	3649
2533	6347
2533	4493
2533	5274
2533	4606
2533	307
3994	6859
1956	768
3429	4366
4783	1670
4046	1854
4046	2152
4684	1187
4684	4926
1296	5959
3248	3248
3763	4854
288	4369
4244	3998
6665	493
6665	4268
856	1018
184	3390
5476	5476
1851	4418
1851	4685
5314	4664
1525	3551
96	4071
96	2182
96	4773
3565	3209
3565	210
3430	5365
4927	1187
50	2561
1172	1145
1172	1476
2092	2379
5833	406
4627	3136
3908	2559
3908	6360
4351	4351
4351	255
4903	173
6707	4456
3678	2523
1188	3506
6580	2952
808	3366
808	3334
808	1187
2048	6474
6325	6134
6325	509
4948	4262
4948	777
4948	2551
4948	3426
4948	4493
4173	3292
1327	3920
3903	1721
5288	768
617	2432
617	5858
5150	4621
5274	4606
5274	5951
5274	6347
5274	4493
6009	2561
6009	186
4835	384
4835	2423
4835	3363
4835	6347
4835	4114
4835	5946
6394	3680
2924	3390
2924	4944
2495	3006
2495	3956
4666	4020
733	3824
5478	1194
11	768
3938	6441
3938	850
4212	4243
3572	3082
4004	5946
2214	4684
5439	504
6457	5253
6457	5266
3144	563
3144	4854
3144	2952
3122	509
3753	1121
2256	3551
2256	1909
2256	4041
4129	269
741	6095
2793	6216
1526	384
3951	4792
596	1895
4827	902
2028	4887
974	6220
974	5290
974	4854
4397	1232
4397	186
4397	4311
4397	6781
4397	6472
1292	4606
1292	347
1292	2012
1292	5581
1292	5274
1292	6621
1292	5215
6090	6090
3092	4628
3092	1387
5270	997
5373	1588
2083	6018
1232	2561
1232	6781
4178	4740
6910	2593
6910	1418
6910	4225
5982	2561
5982	6690
5982	860
6178	4664
6600	4366
6600	1498
4029	5253
4029	5455
6177	1432
6177	287
5812	2382
5847	1542
5847	5859
1692	3695
1837	4822
4851	509
4388	3366
1563	2561
1563	6188
1563	792
3971	5585
4853	4419
